Webots Project File version R2020a
perspectives: 000000ff00000000fd00000003000000000000029e0000039ffc0100000003fc00000000ffffffff0000000000fffffffc0200000001fb00000012005300630065006e0065005400720065006501000000000000039f0000000000000000fb0000001e00480074006d006c0052006f0062006f007400570069006e0064006f007700000000000000029e0000000000000000fb0000001a0044006f00630075006d0065006e0074006100740069006f006e0000000000ffffffff0000006900ffffff000000010000024100000391fc0200000001fb0000001400540065007800740045006400690074006f00720100000017000003910000008700ffffff000000030000078000000039fc0100000001fb0000000e0043006f006e0073006f006c00650100000000000007800000006900ffffff0000053d0000039100000004000000040000000100000008fc00000000
simulationViewPerspectives: 000000ff000000010000000200000192000003810100000002010000000101
sceneTreePerspectives: 000000ff0000000100000002000000c0000001120100000002010000000201
minimizedPerspectives: 000000ff00000000fd00000003000000000000016c00000469fc0200000001fb00000012005300630065006e006500540072006500650100000019000004690000018500ffffff000000010000022e0000036bfc0200000001fb0000001400540065007800740045006400690074006f007201000000190000036b000000ab00ffffff00000003000005cd000000f8fc0100000001fb0000000e0043006f006e0073006f006c00650100000172000005cd0000004e00ffffff000003990000036b00000004000000040000000100000008fc00000000
maximizedDockId: -1
centralWidgetVisible: 1
projectionMode: PERSPECTIVE
renderingMode: PLAIN
selectionDisabled: 0
viewpointLocked: 0
orthographicViewHeight: 72.8905
textFiles: 0 "controllers/rear_wheel_controller/rear_wheel_controller.cpp" "controllers/target_pen_controller/target_pen_controller.cpp"
globalOptionalRendering: CoordinateSystem
renderingDevicePerspectives: vehicle:display;1;0.213333;0;0
renderingDevicePerspectives: vehicle:camera;1;0.711111;0;0
renderingDevicePerspectives: ground_robot:ground_display;1;0.22168;0;0
x3dExport-shadowBias: 0
x3dExport-shadowMapSize: 2048
x3dExport-shadowRadius: 0
